52
5
31
30
39
34
75
16
64
33
60
88
68
81
5
79
60
71
68
48
54
34
99
50
11
39
17
67
10
44
24
99
73
91
79
45
52
83
3
37
93
41
50
39
60
7
97
8
24
98
27
51
63
73
80
11
4
22
9
57
77
72
60
75
63
2
73
11
91
70
33
56
40
15
14
36
36
59
14
14
78
42
6
95
95
80
9
28
29
66
69
38
49
49
28
26
41
68
0
76
76
32
23
15
24
30
49
53
21
85
58
90
76
88
87
100
45
35
53
46
34
6
30
85
93
90
25
74
13
4
95
40
67
75
58
78
35
3
59
76
65
78
20
24
33
100
17
50
79
70
25
61
27
91
17
96
41
93
98
60
92
46
57
66
89
28
68
1
56
3
69
7
41
25
88
86
14
56
98
29
86
58
62
78
77
51
7
64
66
66
12
78
2
51
46
17
37
36
20
65
13
32
69
38
18
16
81
23
40
59
48
93
78
24
62
9
82
72
52
92
6
91
44
32
51
34
49
85
58
23
77
44
51
95
52
87
64
79
55
8
66
29
63
42
7
39
46
77
61
24
85
57
40
26
89
76
11
48
96
49
53
73
17
66
59
90
39
61
52
36
16
19
76
62
92
93
96
98
83
10
19
87
11
68
100
91
2
42
52
92
57
91
59
49
99
48
17
16
7
54
100
13
4
89
31
60
86
18
41
77
78
50
38
70
94
17
24
29
53
90
54
24
48
21
28
29
75
78
22
11
47
33
31
75
40
56
9
70
38
97
59
67
71
26
15
92
96
76
54
97
70
68
19
83
53
52
61
60
74
20
16
58
20
51
24
23
92
39
78
76
26
61
11
71
96
10
82
57
64
8
19
90
17
7
95
97
15
41
56
12
89
35
46
87
45
50
53
77
62
69
20
20
69
61
16
16
19
95
55
65
1
1
23
1
38
64
44
11
60
60
22
29
63
18
1
76
55
42
60
78
3
35
8
84
74
49
89
15
60
9
57
74
70
26
90
67
25
40
5
51
1
52
65
78
30
34
35
50
52
86
98
38
49
43
76
90
88
34
96
35
70
77
56
20
59
98
27
75
63
51
94
87
36
51
27
25
5
95
90
14
98
11
25
83
66
45
46
12
44
41
56
12
23
30
80
1
55
90
23
87
57
74
52
94
19
47
34
34
50
23
20
46
22
94
61
61
12
2
56
60
17
84
44
66
14
9
2
92
20
93
77
99
76
41
14
81
18
59
79
67
6
7
77
88
13
22
44
94
54
43
93
57
28
4
28
70
1
66
1
71
83
97
84
53
55
33
4
6
73
38
92
23
21
87
64
99
29
47
8
26
65
47
87
50
19
46
89
26
94
99
57
22
29
51
49
87
34
56
62
32
22
65
15
62
63
7
37
28
88
17
2
17
36
99
15
1
40
11
43
62
77
89
52
7
5
65
16
36
31
49
29
54
32
6
30
66
93
28
96
63
72
99
97
95
83
97
88
54
62
46
78
73
0
95
16
4
82
2
98
33
71
49
39
15
27
60
41
44
65
10
55
48
28
58
43
67
56
87
74
53
72
72
61
68
80
3
84
56
89
91
86
96
43
45
85
19
44
65
22
61
82
31
78
64
25
79
89
1
11
40
74
35
59
63
39
24
77
46
44
37
9
56
55
95
42
44
15
36
35
23
83
9
68
55
15
38
78
88
23
92
26
19
34
28
38
0
30
4
91
82
25
85
16
39
35
0
99
8
62
52
78
50
59
61
95
44
38
45
41
28
85
52
28
55
92
76
81
21
77
36
13
3
23
55
77
40
63
66
36
50
23
57
96
3
100
46
74
69
61
9
1
56
82
16
79
27
42
45
74
78
100
50
28
73
28
37
21
4
31
12
0
49
49
6
82
61
57
20
4
51
87
43
40
32
60
27
33
41
41
6
29
12
4
70
53
13
29
14
2
63
11
17
54
89
88
72
99
69
30
7
67
90
50
52
27
18
21
22
82
23
78
21
5
50
19
79
43
4
66
26
89
20
15
42
14
68
38
75
23
48
66
47
48
11
62
44
75
89
59
41
5
8
13
55
86
5
40
82
45
17
91
50
50
54
54
73
28
16
56
68
92
64
22
13
9
34
93
21
79
23
38
48
22
96
44
63
69
52
91
56
40
14
47
9
83
13
42
8
41
62
31
98
8
68
99
40
10
99
16
29
64
15
58
20
43
11
22
95
54
35
42
47
59
86
82
63
96
79
67
61
14
9
83
25
36
72
59
86
40
96
